17 22
-2.059 -0.055 3.438 0.957 0.066 -0.267 -0.095
0.000 0.000 0.000 1.000 0.000 0.000 0.000
-0.839 0.840 -0.016 0.534 0.270 0.758 -0.257
0.500 0.750 -0.000 0.427 0.688 -0.546 0.213
0.700 0.000 0.000 1.000 0.000 0.000 0.000
-0.500 0.750 -0.000 0.823 -0.144 0.257 0.486
-0.700 -0.000 -0.000 0.978 0.010 0.209 -0.020
0.375 -0.750 0.000 0.943 -0.098 0.184 -0.261
-0.000 -1.000 -0.000 0.857 0.417 -0.007 0.302
-0.375 -0.750 -0.000 0.938 -0.063 0.216 -0.265
-0.000 -1.000 -0.000 0.869 0.475 -0.050 0.132
0.000 0.750 0.000 1.000 0.000 0.000 0.000
-0.208 0.030 0.000 0.424 0.547 0.445 -0.568
0.500 0.750 -0.000 0.743 -0.211 -0.581 0.257
0.700 0.000 -0.000 0.792 -0.185 -0.153 0.561
-0.500 0.750 0.000 0.793 -0.029 0.502 -0.343
-0.700 0.000 0.000 0.777 0.335 -0.483 -0.225
0.375 -0.750 0.000 0.619 -0.771 0.011 -0.149
0.000 -1.000 -0.000 0.733 0.629 0.157 0.204
-0.375 -0.750 -0.000 0.666 -0.638 0.160 -0.351
0.000 -1.000 -0.000 0.918 0.331 -0.141 0.167
0.000 0.750 0.000 1.000 0.000 0.000 0.000
-0.067 -0.033 4.007 0.999 0.036 -0.009 -0.026
0.000 0.000 0.000 1.000 0.000 0.000 0.000
-0.839 0.840 -0.016 0.534 0.270 0.758 -0.257
0.500 0.750 -0.000 0.427 0.688 -0.546 0.213
0.700 0.000 0.000 1.000 0.000 0.000 0.000
-0.500 0.750 -0.000 0.823 -0.144 0.257 0.486
-0.700 -0.000 -0.000 0.978 0.010 0.209 -0.020
0.375 -0.750 0.000 0.943 -0.098 0.184 -0.261
-0.000 -1.000 -0.000 0.857 0.417 -0.007 0.302
-0.375 -0.750 -0.000 0.938 -0.063 0.216 -0.265
-0.000 -1.000 -0.000 0.869 0.475 -0.050 0.132
0.000 0.750 0.000 1.000 0.000 0.000 0.000
-0.208 0.030 0.000 0.424 0.547 0.445 -0.568
0.500 0.750 -0.000 0.743 -0.211 -0.581 0.257
0.700 0.000 -0.000 0.792 -0.185 -0.153 0.561
-0.500 0.750 0.000 0.793 -0.029 0.502 -0.343
-0.700 0.000 0.000 0.777 0.335 -0.483 -0.225
0.375 -0.750 0.000 0.619 -0.771 0.011 -0.149
0.000 -1.000 -0.000 0.733 0.629 0.157 0.204
-0.375 -0.750 -0.000 0.666 -0.638 0.160 -0.351
0.000 -1.000 -0.000 0.918 0.331 -0.141 0.167
0.000 0.750 0.000 1.000 0.000 0.000 0.000
-0.067 -0.033 4.007 0.999 0.036 -0.009 -0.026
0.000 0.000 0.000 1.000 0.000 0.000 0.000
-0.628 0.829 -0.012 0.534 0.270 0.758 -0.257
0.500 0.750 -0.000 0.427 0.688 -0.546 0.213
0.700 0.000 0.000 1.000 0.000 0.000 0.000
-0.500 0.750 -0.000 0.823 -0.144 0.257 0.486
-0.700 -0.000 -0.000 0.978 0.010 0.209 -0.020
0.375 -0.750 0.000 0.943 -0.098 0.184 -0.261
-0.000 -1.000 -0.000 0.857 0.417 -0.007 0.302
-0.375 -0.750 -0.000 0.938 -0.063 0.216 -0.265
-0.000 -1.000 -0.000 0.869 0.475 -0.050 0.132
0.000 0.750 0.000 1.000 0.000 0.000 0.000
-0.208 0.030 0.000 0.424 0.547 0.445 -0.568
0.500 0.750 -0.000 0.743 -0.211 -0.581 0.257
0.700 0.000 -0.000 0.792 -0.185 -0.153 0.561
-0.500 0.750 0.000 0.793 -0.029 0.502 -0.343
-0.700 0.000 0.000 0.777 0.335 -0.483 -0.225
0.375 -0.750 0.000 0.619 -0.771 0.011 -0.149
0.000 -1.000 -0.000 0.733 0.629 0.157 0.204
-0.375 -0.750 -0.000 0.666 -0.638 0.160 -0.351
0.000 -1.000 -0.000 0.918 0.331 -0.141 0.167
0.000 0.750 0.000 1.000 0.000 0.000 0.000
-0.067 -0.033 4.007 0.999 0.036 -0.009 -0.026
0.000 0.000 0.000 1.000 0.000 0.000 0.000
-0.628 0.829 -0.012 0.578 0.144 0.771 -0.226
0.500 0.750 -0.000 0.427 0.688 -0.546 0.213
0.700 0.000 0.000 1.000 0.000 0.000 0.000
-0.500 0.750 -0.000 0.823 -0.144 0.257 0.486
-0.700 -0.000 -0.000 0.978 0.010 0.209 -0.020
0.375 -0.750 0.000 0.966 0.015 0.116 -0.230
-0.000 -1.000 -0.000 0.857 0.417 -0.007 0.302
-0.375 -0.750 0.000 0.958 0.092 0.133 -0.238
-0.000 -1.000 -0.000 0.869 0.475 -0.050 0.132
0.000 0.750 0.000 1.000 0.000 0.000 0.000
-0.208 0.030 0.000 0.424 0.547 0.445 -0.568
0.500 0.750 -0.000 0.743 -0.211 -0.581 0.257
0.700 0.000 -0.000 0.792 -0.185 -0.153 0.561
-0.500 0.750 0.000 0.793 -0.029 0.502 -0.343
-0.700 0.000 0.000 0.777 0.335 -0.483 -0.225
0.375 -0.750 0.000 0.619 -0.771 0.011 -0.149
0.000 -1.000 -0.000 0.733 0.629 0.157 0.204
-0.375 -0.750 -0.000 0.666 -0.638 0.160 -0.351
0.000 -1.000 -0.000 0.918 0.331 -0.141 0.167
0.000 0.750 0.000 1.000 0.000 0.000 0.000
-0.067 -0.033 4.007 0.999 0.036 -0.009 -0.026
0.000 0.000 0.000 1.000 0.000 0.000 0.000
-0.748 0.829 -0.014 0.578 0.144 0.771 -0.226
0.500 0.750 -0.000 0.427 0.688 -0.546 0.213
0.700 0.000 0.000 1.000 0.000 0.000 0.000
-0.500 0.750 -0.000 0.823 -0.144 0.257 0.486
-0.700 -0.000 -0.000 0.978 0.010 0.209 -0.020
0.375 -0.750 0.000 0.966 0.015 0.116 -0.230
-0.000 -1.000 -0.000 0.857 0.417 -0.007 0.302
-0.375 -0.750 0.000 0.958 0.092 0.133 -0.238
-0.000 -1.000 -0.000 0.869 0.475 -0.050 0.132
0.000 0.750 0.000 1.000 0.000 0.000 0.000
-0.208 0.030 0.000 0.424 0.547 0.445 -0.568
0.500 0.750 -0.000 0.743 -0.211 -0.581 0.257
0.700 0.000 -0.000 0.792 -0.185 -0.153 0.561
-0.500 0.750 0.000 0.793 -0.029 0.502 -0.343
-0.700 0.000 0.000 0.777 0.335 -0.483 -0.225
0.375 -0.750 0.000 0.619 -0.771 0.011 -0.149
0.000 -1.000 -0.000 0.733 0.629 0.157 0.204
-0.375 -0.750 -0.000 0.666 -0.638 0.160 -0.351
0.000 -1.000 -0.000 0.918 0.331 -0.141 0.167
0.000 0.750 0.000 1.000 0.000 0.000 0.000
-0.067 -0.033 4.007 0.999 0.036 -0.009 -0.026
0.000 0.000 0.000 1.000 0.000 0.000 0.000
-0.748 0.829 -0.014 0.578 0.144 0.771 -0.226
0.500 0.750 -0.000 0.427 0.688 -0.546 0.213
0.700 0.000 0.000 1.000 0.000 0.000 0.000
-0.500 0.750 -0.000 0.823 -0.144 0.257 0.486
-0.700 -0.000 -0.000 0.978 0.010 0.209 -0.020
0.375 -0.750 0.000 0.966 0.015 0.116 -0.230
-0.000 -1.000 -0.000 0.857 0.417 -0.007 0.302
-0.375 -0.750 0.000 0.972 -0.012 0.135 -0.192
0.000 -1.000 -0.000 0.895 0.402 0.038 0.187
0.000 0.750 0.000 1.000 0.000 0.000 0.000
-0.208 0.030 0.000 0.424 0.547 0.445 -0.568
0.500 0.750 -0.000 0.743 -0.211 -0.581 0.257
0.700 0.000 -0.000 0.792 -0.185 -0.153 0.561
-0.500 0.750 0.000 0.793 -0.029 0.502 -0.343
-0.700 0.000 0.000 0.777 0.335 -0.483 -0.225
0.375 -0.750 0.000 0.619 -0.771 0.011 -0.149
0.000 -1.000 -0.000 0.733 0.629 0.157 0.204
-0.375 -0.750 -0.000 0.666 -0.638 0.160 -0.351
0.000 -1.000 -0.000 0.918 0.331 -0.141 0.167
0.000 0.750 0.000 1.000 0.000 0.000 0.000
-0.094 -0.217 4.001 0.998 0.058 -0.012 -0.007
0.000 0.000 0.000 1.000 0.000 0.000 0.000
-0.912 0.820 -0.018 0.611 0.178 0.743 -0.207
0.500 0.750 -0.000 0.427 0.688 -0.546 0.213
0.700 0.000 0.000 1.000 0.000 0.000 0.000
-0.500 0.750 -0.000 0.823 -0.144 0.257 0.486
-0.700 -0.000 -0.000 0.978 0.010 0.209 -0.020
0.375 -0.750 0.000 0.966 0.015 0.116 -0.230
-0.000 -1.000 -0.000 0.857 0.417 -0.007 0.302
-0.375 -0.750 0.000 0.972 -0.012 0.135 -0.192
0.000 -1.000 -0.000 0.895 0.402 0.038 0.187
0.000 0.750 0.000 1.000 0.000 0.000 0.000
-0.208 0.030 0.000 0.421 0.542 0.416 -0.597
0.500 0.750 -0.000 0.743 -0.211 -0.581 0.257
0.700 0.000 -0.000 0.792 -0.185 -0.153 0.561
-0.500 0.750 0.000 0.793 -0.029 0.502 -0.343
-0.700 0.000 0.000 0.777 0.335 -0.483 -0.225
0.375 -0.750 0.000 0.619 -0.771 0.011 -0.149
0.000 -1.000 -0.000 0.733 0.629 0.157 0.204
-0.375 -0.750 -0.000 0.666 -0.638 0.160 -0.351
0.000 -1.000 -0.000 0.918 0.331 -0.141 0.167
0.000 0.750 0.000 1.000 0.000 0.000 0.000
-0.094 -0.217 4.001 0.998 0.058 -0.012 -0.007
0.000 0.000 0.000 1.000 0.000 0.000 0.000
-1.119 0.805 -0.025 0.611 0.178 0.743 -0.207
0.500 0.750 -0.000 0.427 0.688 -0.546 0.213
0.700 0.000 0.000 1.000 0.000 0.000 0.000
-0.500 0.750 -0.000 0.823 -0.144 0.257 0.486
-0.700 -0.000 -0.000 0.978 0.010 0.209 -0.020
0.375 -0.750 0.000 0.966 0.015 0.116 -0.230
-0.000 -1.000 -0.000 0.857 0.417 -0.007 0.302
-0.375 -0.750 0.000 0.972 -0.012 0.135 -0.192
0.000 -1.000 -0.000 0.895 0.402 0.038 0.187
0.000 0.750 0.000 1.000 0.000 0.000 0.000
-0.208 0.030 0.000 0.421 0.542 0.416 -0.597
0.500 0.750 -0.000 0.743 -0.211 -0.581 0.257
0.700 0.000 -0.000 0.792 -0.185 -0.153 0.561
-0.500 0.750 0.000 0.793 -0.029 0.502 -0.343
-0.700 0.000 0.000 0.777 0.335 -0.483 -0.225
0.375 -0.750 0.000 0.619 -0.771 0.011 -0.149
0.000 -1.000 -0.000 0.733 0.629 0.157 0.204
-0.375 -0.750 -0.000 0.666 -0.638 0.160 -0.351
0.000 -1.000 -0.000 0.918 0.331 -0.141 0.167
0.000 0.750 0.000 1.000 0.000 0.000 0.000
-0.094 -0.217 4.001 0.998 0.058 -0.012 -0.007
0.000 0.000 0.000 1.000 0.000 0.000 0.000
-0.918 0.808 -0.020 0.611 0.178 0.743 -0.207
0.500 0.750 -0.000 0.427 0.688 -0.546 0.213
0.700 0.000 0.000 1.000 0.000 0.000 0.000
-0.500 0.750 -0.000 0.823 -0.144 0.257 0.486
-0.700 -0.000 -0.000 0.978 0.010 0.209 -0.020
0.375 -0.750 0.000 0.966 0.015 0.116 -0.230
-0.000 -1.000 -0.000 0.857 0.417 -0.007 0.302
-0.375 -0.750 0.000 0.972 -0.012 0.135 -0.192
0.000 -1.000 -0.000 0.895 0.402 0.038 0.187
0.000 0.750 0.000 1.000 0.000 0.000 0.000
-0.208 0.030 0.000 0.421 0.542 0.416 -0.597
0.500 0.750 -0.000 0.743 -0.211 -0.581 0.257
0.700 0.000 -0.000 0.792 -0.185 -0.153 0.561
-0.500 0.750 0.000 0.793 -0.029 0.502 -0.343
-0.700 0.000 0.000 0.777 0.335 -0.483 -0.225
0.375 -0.750 0.000 0.619 -0.771 0.011 -0.149
0.000 -1.000 -0.000 0.733 0.629 0.157 0.204
-0.375 -0.750 -0.000 0.666 -0.638 0.160 -0.351
0.000 -1.000 -0.000 0.918 0.331 -0.141 0.167
0.000 0.750 0.000 1.000 0.000 0.000 0.000
-0.094 -0.217 4.001 0.998 0.058 -0.012 -0.007
0.000 0.000 0.000 1.000 0.000 0.000 0.000
-1.162 0.824 -0.024 0.611 0.178 0.743 -0.207
0.500 0.750 -0.000 0.427 0.688 -0.546 0.213
0.700 0.000 0.000 1.000 0.000 0.000 0.000
-0.500 0.750 -0.000 0.823 -0.144 0.257 0.486
-0.700 -0.000 -0.000 0.978 0.010 0.209 -0.020
0.375 -0.750 0.000 0.966 0.015 0.116 -0.230
-0.000 -1.000 -0.000 0.857 0.417 -0.007 0.302
-0.375 -0.750 0.000 0.972 -0.012 0.135 -0.192
0.000 -1.000 -0.000 0.895 0.402 0.038 0.187
0.000 0.750 0.000 1.000 0.000 0.000 0.000
-0.208 0.030 0.000 0.421 0.542 0.416 -0.597
0.500 0.750 -0.000 0.743 -0.211 -0.581 0.257
0.700 0.000 -0.000 0.792 -0.185 -0.153 0.561
-0.500 0.750 0.000 0.793 -0.029 0.502 -0.343
-0.700 0.000 0.000 0.777 0.335 -0.483 -0.225
0.375 -0.750 0.000 0.619 -0.771 0.011 -0.149
0.000 -1.000 -0.000 0.733 0.629 0.157 0.204
-0.375 -0.750 -0.000 0.666 -0.638 0.160 -0.351
0.000 -1.000 -0.000 0.918 0.331 -0.141 0.167
0.000 0.750 0.000 1.000 0.000 0.000 0.000
-0.094 -0.217 4.001 0.998 0.058 -0.012 -0.007
0.000 0.000 0.000 1.000 0.000 0.000 0.000
-1.162 0.824 -0.024 0.611 0.178 0.743 -0.207
0.500 0.750 -0.000 0.427 0.688 -0.546 0.213
0.700 0.000 0.000 1.000 0.000 0.000 0.000
-0.500 0.750 -0.000 0.823 -0.144 0.257 0.486
-0.700 -0.000 -0.000 0.978 0.010 0.209 -0.020
0.375 -0.750 0.000 0.966 0.015 0.116 -0.230
-0.000 -1.000 -0.000 0.857 0.417 -0.007 0.302
-0.375 -0.750 0.000 0.972 -0.012 0.135 -0.192
0.000 -1.000 -0.000 0.895 0.402 0.038 0.187
0.000 0.750 0.000 1.000 0.000 0.000 0.000
-0.369 0.038 -0.003 0.421 0.542 0.416 -0.597
0.500 0.750 -0.000 0.743 -0.211 -0.581 0.257
0.700 0.000 -0.000 0.792 -0.185 -0.153 0.561
-0.500 0.750 0.000 0.793 -0.029 0.502 -0.343
-0.700 0.000 0.000 0.777 0.335 -0.483 -0.225
0.375 -0.750 0.000 0.619 -0.771 0.011 -0.149
0.000 -1.000 -0.000 0.733 0.629 0.157 0.204
-0.375 -0.750 -0.000 0.666 -0.638 0.160 -0.351
0.000 -1.000 -0.000 0.918 0.331 -0.141 0.167
0.000 0.750 0.000 1.000 0.000 0.000 0.000
-0.094 -0.217 4.001 0.998 0.058 -0.012 -0.007
0.000 0.000 0.000 1.000 0.000 0.000 0.000
-1.162 0.824 -0.024 0.611 0.178 0.743 -0.207
0.500 0.750 -0.000 0.427 0.688 -0.546 0.213
0.700 0.000 0.000 1.000 0.000 0.000 0.000
-0.500 0.750 -0.000 0.988 0.034 0.003 0.151
-0.700 -0.000 -0.000 0.978 0.010 0.209 -0.020
0.375 -0.750 0.000 0.966 0.015 0.116 -0.230
-0.000 -1.000 -0.000 0.857 0.417 -0.007 0.302
-0.375 -0.750 0.000 0.972 -0.012 0.135 -0.192
0.000 -1.000 -0.000 0.895 0.402 0.038 0.187
0.000 0.750 0.000 1.000 0.000 0.000 0.000
-0.369 0.038 -0.003 0.421 0.542 0.416 -0.597
0.500 0.750 -0.000 0.743 -0.211 -0.581 0.257
0.700 0.000 -0.000 0.792 -0.185 -0.153 0.561
-0.500 0.750 0.000 0.793 -0.029 0.502 -0.343
-0.700 0.000 0.000 0.777 0.335 -0.483 -0.225
0.375 -0.750 0.000 0.619 -0.771 0.011 -0.149
0.000 -1.000 -0.000 0.733 0.629 0.157 0.204
-0.375 -0.750 -0.000 0.666 -0.638 0.160 -0.351
0.000 -1.000 -0.000 0.918 0.331 -0.141 0.167
0.000 0.750 0.000 1.000 0.000 0.000 0.000
-0.094 -0.217 4.001 0.998 0.058 -0.012 -0.007
0.000 0.000 0.000 1.000 0.000 0.000 0.000
-1.162 0.824 -0.024 0.688 0.166 0.662 -0.248
0.500 0.750 -0.000 0.427 0.688 -0.546 0.213
0.700 0.000 0.000 1.000 0.000 0.000 0.000
-0.500 0.750 -0.000 0.988 0.034 0.003 0.151
-0.700 -0.000 -0.000 0.989 -0.010 0.147 0.030
0.375 -0.750 0.000 0.966 0.015 0.116 -0.230
-0.000 -1.000 -0.000 0.857 0.417 -0.007 0.302
-0.375 -0.750 0.000 0.972 -0.012 0.135 -0.192
0.000 -1.000 -0.000 0.895 0.402 0.038 0.187
0.000 0.750 0.000 1.000 0.000 0.000 0.000
-0.369 0.038 -0.003 0.421 0.542 0.416 -0.597
0.500 0.750 -0.000 0.743 -0.211 -0.581 0.257
0.700 0.000 -0.000 0.792 -0.185 -0.153 0.561
-0.500 0.750 0.000 0.793 -0.029 0.502 -0.343
-0.700 0.000 0.000 0.777 0.335 -0.483 -0.225
0.375 -0.750 0.000 0.619 -0.771 0.011 -0.149
0.000 -1.000 -0.000 0.733 0.629 0.157 0.204
-0.375 -0.750 -0.000 0.666 -0.638 0.160 -0.351
0.000 -1.000 -0.000 0.918 0.331 -0.141 0.167
0.000 0.750 0.000 1.000 0.000 0.000 0.000
-0.094 -0.217 4.001 0.998 0.058 -0.012 -0.007
0.000 0.000 0.000 1.000 0.000 0.000 0.000
-1.162 0.824 -0.024 0.688 0.166 0.662 -0.248
0.500 0.750 -0.000 0.427 0.688 -0.546 0.213
0.700 0.000 0.000 1.000 0.000 0.000 0.000
-0.500 0.750 -0.000 0.723 0.013 0.177 0.667
-0.700 -0.000 -0.000 0.989 -0.010 0.147 0.030
0.375 -0.750 0.000 0.966 0.015 0.116 -0.230
-0.000 -1.000 -0.000 0.857 0.417 -0.007 0.302
-0.375 -0.750 0.000 0.972 -0.012 0.135 -0.192
0.000 -1.000 -0.000 0.895 0.402 0.038 0.187
0.000 0.750 0.000 1.000 0.000 0.000 0.000
-0.369 0.038 -0.003 0.421 0.542 0.416 -0.597
0.500 0.750 -0.000 0.743 -0.211 -0.581 0.257
0.700 0.000 -0.000 0.792 -0.185 -0.153 0.561
-0.500 0.750 0.000 0.793 -0.029 0.502 -0.343
-0.700 0.000 0.000 0.777 0.335 -0.483 -0.225
0.375 -0.750 0.000 0.619 -0.771 0.011 -0.149
0.000 -1.000 -0.000 0.733 0.629 0.157 0.204
-0.375 -0.750 -0.000 0.666 -0.638 0.160 -0.351
0.000 -1.000 -0.000 0.918 0.331 -0.141 0.167
-0.000 0.750 -0.000 0.944 -0.227 -0.152 0.187
-0.094 -0.217 4.001 0.998 0.058 -0.012 -0.007
0.000 0.000 0.000 1.000 0.000 0.000 0.000
-1.162 0.824 -0.024 0.688 0.166 0.662 -0.248
0.500 0.750 -0.000 0.427 0.688 -0.546 0.213
0.700 0.000 0.000 1.000 0.000 0.000 0.000
-0.500 0.750 -0.000 0.723 0.013 0.177 0.667
-0.700 -0.000 -0.000 0.989 -0.010 0.147 0.030
0.375 -0.750 0.000 0.966 0.015 0.116 -0.230
-0.000 -1.000 -0.000 0.857 0.417 -0.007 0.302
-0.375 -0.750 0.000 0.972 -0.012 0.135 -0.192
0.000 -1.000 -0.000 0.895 0.402 0.038 0.187
0.000 0.750 0.000 1.000 0.000 0.000 0.000
-0.369 0.038 -0.003 0.421 0.542 0.416 -0.597
0.500 0.750 -0.000 0.743 -0.211 -0.581 0.257
0.700 0.000 -0.000 0.792 -0.185 -0.153 0.561
-0.500 0.750 0.000 0.793 -0.029 0.502 -0.343
-0.700 0.000 0.000 0.777 0.335 -0.483 -0.225
0.375 -0.750 0.000 0.619 -0.771 0.011 -0.149
0.000 -1.000 -0.000 0.733 0.629 0.157 0.204
-0.375 -0.750 -0.000 0.666 -0.638 0.160 -0.351
0.000 -1.000 -0.000 0.918 0.331 -0.141 0.167
-0.000 0.750 -0.000 0.892 -0.315 -0.212 0.246
-0.094 -0.217 4.001 0.998 0.058 -0.012 -0.007
0.000 0.000 0.000 1.000 0.000 0.000 0.000
-1.162 0.824 -0.024 0.688 0.166 0.662 -0.248
0.500 0.750 -0.000 0.427 0.688 -0.546 0.213
0.700 0.000 0.000 1.000 0.000 0.000 0.000
-0.500 0.750 -0.000 0.720 0.013 0.178 0.671
-0.700 -0.000 -0.000 0.989 -0.010 0.147 0.030
0.375 -0.750 0.000 0.966 0.015 0.116 -0.230
-0.000 -1.000 -0.000 0.857 0.417 -0.007 0.302
-0.375 -0.750 0.000 0.972 -0.012 0.135 -0.192
0.000 -1.000 -0.000 0.895 0.402 0.038 0.187
0.000 0.750 0.000 1.000 0.000 0.000 0.000
-0.369 0.038 -0.003 0.421 0.542 0.416 -0.597
0.500 0.750 -0.000 0.743 -0.211 -0.581 0.257
0.700 0.000 -0.000 0.792 -0.185 -0.153 0.561
-0.500 0.750 0.000 0.793 -0.029 0.502 -0.343
-0.700 0.000 0.000 0.777 0.335 -0.483 -0.225
0.375 -0.750 0.000 0.619 -0.771 0.011 -0.149
0.000 -1.000 -0.000 0.733 0.629 0.157 0.204
-0.375 -0.750 -0.000 0.666 -0.638 0.160 -0.351
0.000 -1.000 -0.000 0.918 0.331 -0.141 0.167
0.000 0.750 0.000 1.000 0.000 0.000 0.000
-0.094 -0.217 4.001 0.998 0.058 -0.012 -0.007
0.000 0.000 0.000 1.000 0.000 0.000 0.000
-1.095 0.805 -0.025 0.685 0.163 0.666 -0.248
0.500 0.750 -0.000 0.427 0.688 -0.546 0.213
0.700 0.000 0.000 1.000 0.000 0.000 0.000
-0.500 0.750 -0.000 0.720 0.013 0.178 0.671
-0.700 -0.000 -0.000 0.989 -0.010 0.147 0.030
0.375 -0.750 0.000 0.966 0.015 0.116 -0.230
-0.000 -1.000 -0.000 0.857 0.417 -0.007 0.302
-0.375 -0.750 0.000 0.972 -0.012 0.135 -0.192
0.000 -1.000 -0.000 0.895 0.402 0.038 0.187
0.000 0.750 0.000 1.000 0.000 0.000 0.000
-0.369 0.038 -0.003 0.421 0.542 0.416 -0.597
0.500 0.750 -0.000 0.743 -0.211 -0.581 0.257
0.700 0.000 -0.000 0.792 -0.185 -0.153 0.561
-0.500 0.750 0.000 0.793 -0.029 0.502 -0.343
-0.700 0.000 0.000 0.777 0.335 -0.483 -0.225
0.375 -0.750 0.000 0.619 -0.771 0.011 -0.149
0.000 -1.000 -0.000 0.733 0.629 0.157 0.204
-0.375 -0.750 -0.000 0.666 -0.638 0.160 -0.351
0.000 -1.000 -0.000 0.918 0.331 -0.141 0.167
0.000 0.750 0.000 1.000 0.000 0.000 0.000
